0241332767-188644319732767
0241732767-188644319732767
0241732767-188644319732767
024613532767
024613532767
024613532767
024633532767
024633532767
024713532767
024713532767
024713532767
024733532767
024733532767
024733532767
025164532767
025164532767
025164532767
025713532767
025714532767
025714532767
025714532767
025714532767
026137532767
026137532767
026174532767
026174532767
026174532767
026174532767
027134532767
027164532767
027164532767
027514532767
027531432767
027531432767
027531432767
027531432767
027531432767
027531432767
031421432767
031471432767
031471432767
031621432767
031621432767
031726432767
031726432767
031752432767
031752432767
031752432767
031752432767
035252432767
035714232767
035714232767
035716232767
035716232767
035716232767
035724232767
035726232767
035726232767
035726232767
035726232767
036251432767
036251432767
036251432767
036271432767
036271432767
036271432767
036271432767
036411432767
036421432767
036471432767
036471432767
036471432767
036471432767
037271432767
037411432767
037421432767
037421432767
037421432767
037421432767
041526332767
041526332767
041526332767
041526332767
041726332767
041726332767
041726332767
041752332767
041753332767
041753332767
041753332767
041753332767
046137332767
046137332767
046152332767
046157332767
046157332767
046157332767
046157332767
047136232767
047136232767
047136232767
047162532767
047162532767
047162532767
047162532767
04752613
04752613
04752613
04752613
04753113
04753613
04753613
04753613
04753613
04753613
05146313
05146313
05147313
05147313
05147313
05167313
05167313
05316213
05316423
05316423
05316423
05317223
05317423
05317423
05317423
05317423
05367423
05367423
05713623
05713623
05713623
05716223
05716223
05716223
05726314
05726314
05726314
05726314
05726314
05741314
05741314
05746314
05746314
05746314
05746314
05746314
06152314
06157314
06157314
06172314
06175314
06175314
06175314
06175314
06317424
06317424
06317424
06317424
06352424
06352424
06357142
06357142
06357142
06357442
06357442
06357442
06372442
06372442
06372442
06372442
06415442
06417442
06417442
06425342
06425342
06427342
06427342
06427342
06471352
06471352
06471352
06471352
06475352
06475352
06475352
06475352
06475352
07142352
07146352
07146352
07162352
07162352
07162352
07316252
07316252
07316452
07316452
07316452
07362452
07362452
07362452
07413652
07413652
07415252
07415252
07415252
07425252
07425252
07461252
07463252
07463252
07463252
07516452
07516452
07516452
07526132
07526132
07526132
07526132
07526132
07526132
07526132
13024132
13027532
13027532
13027532
13064252
13064252
13064252
13064252
13074252
13074252
13074252
13074252
13074252
13502462
13502462
13502462
13504462
13504462
13524462
13524462
13572064
13572064
13572064
13572464
13572464
13572464
13574064
13574064
13574064
13574064
13602464
13602564
13602564
13607464
13607564
13607564
13607564
13627504
13627504
13627504
13627504
13627504
13702504
13702504
13704504
13704504
13724504
13724504
13724504
13724504
14036254
14036254
14036254
14036254
14053254
14053254
14073254
14073254
14073254
14203754
14203754
14206354
14206354
14206354
14206354
14253354
14253354
14273354
14273354
14273354
14602554
14602753
14602753
14602753
14602753
14603553
14603753
14603753
14603753
14630253
14630253
14630752
14630752
14630752
14630752
14630752
14630752
14702552
14702552
14703522
14703522
14703522
14706352
14706352
14706352
14706352
14730252
14730252
14730252
14736252
14736252
14736252
14736252
14750262
14750262
14750262
14752262
14753262
14753262
14753262
14753262
15024732
15024732
15024732
15026732
15027732
15027732
15063724
15063724
15063724
15063724
15064224
15064724
15064724
15064724
15064724
15203744
15203744
15203744
15206344
15206444
15206444
15207344
15207444
15207444
15207444
15263044
15263044
15263744
15263744
15263744
15263744
15263744
15703744
15704744
15706344
15706344
15706344
15720364
15720364
15720364
15720364
15724364
15726364
15726364
15726364
15726364
15726364
16024734
16024734
16024734
16027534
16027534
16027534
16027534
16037424
16037424
16037424
16037424
16057424
16057424
16057424
16074424
16074424
16074424
16207324
16207424
16207424
16207424
16257034
16257044
16257044
16257403
16257403
16257403
16257403
16257403
16277403
16277403
16407303
16407523
16407523
16407523
16407523
16420323
16420533
16420533
16420533
16427333
16427533
16427533
16427533
16427533
16470352
16470352
16470352
16470352
16470352
16470352
16470352
17026352
17026352
17036252
17036252
17036452
17036452
17036452
17063552
17063552
17063552
17063552
17203552
17206452
17206452
17206452
17263042
17263042
17263042
17263042
17263042
17403542
17403542
17403542
17420532
17420532
17420532
17420532
17460252
17460252
17460552
17460552
17463052
17463552
17463552
17463552
17463552
17502463
17502463
17502463
17502463
17506463
17506463
17506463
17520463
17526463
17526463
17530463
17530463
17536063
17536463
17536463
17536463
17536463
17536463
17536463
20314463
20317563
20317563
20317563
20364163
20364163
20364163
20374163
20374163
20374163
20374163
20514633
20514633
20514633
20514633
20531643
20531643
20531643
20531643
20571363
20571363
20571663
20571663
20574133
20574133
20574633
20574633
20574633
20574633
20574633
20615633
20617533
20617533
20617533
20617533
20631533
20635533
20637533
20637533
20641533
20641533
20647135
20647135
20647135
20647535
20647535
20647535
20647535
20647535
20714635
20714635
20714635
20731645
20731645
20731645
20731645
20741365
20741365
20741565
20741565
20741565
20741565
20741565
24130665
24130665
24135665
24135665
24170365
24170365
24170635
24170635
24170635
24170635
24175305
24175360
24175360
24175360
24175360
24175360
24175360
24603175
24603175
24603175
24603575
24603575
24603575
24605175
24605175
24605175
24613505
24613575
24613575
24613575
24615575
24615575
24630575
24635575
24635575
24635575
24703165
24703165
24703565
24703665
24703665
24703665
24713505
24713505
24713605
24713605
24713605
24713605
24730615
24730615
24730615
24730615
24730615
24730615
24730615
25140365
25140365
25140365
25147035
25147063
25147063
25147063
25147363
25147363
25147363
25147363
25160374
25160374
25160374
25160374
25164073
25164073
25164073
25164073
25164073
25164073
25304073
25307413
25307461
25307461
25307461
25307461
25307461
25314461
25317460
25317460
25317460
25317460
25317460
25360460
25364460
25364460
25364460
25703641
25703641
25703641
25703641
25704613
25704613
25704613
25704613
25704613
25713064
25713064
25713064
25713664
25713664
25714064
25714664
25714664
25714664
25740364
25740364
25740364
25741364
25741364
25741364
25741364
25741364
25741364
26130364
26135044
26135044
26135044
26137044
26137044
26137044
26137044
26170344
26170344
26174035
26174035
26174035
26174035
26175035
26175304
26175304
26175304
26175304
26175304
26175304
26304154
26304154
26304154
26307144
26307144
26307444
26307544
26307544
26307544
26314544
26317404
26317404
26317504
26317504
26317504
26317504
26370404
26370404
26374154
26374154
26374154
26374154
26374154
26374154
27130644
27130644
27130644
27135044
27135044
27135044
27135044
27140534
27140534
27140534
27140534
27160534
27160534
27160534
27160534
27300534
27310534
27360514
27360514
27360514
27360514
27360514
27360514
27500514
27510514
27530414
27530644
27530644
27530644
27531444
27531644
27531644
27531644
27531644
27531644
27531644
27531644
30241744
30241744
30246144
30246144
30246144
30251644
30251644
30251644
30251644
30271644
30271644
30275144
30275144
30275144
30275144
30415264
30415264
30415264
30415264
30471625
30471625
30471625
30471625
30475261
30475261
30475261
30475261
30475261
30475261
30615261
30615761
30615761
30615761
30641561
30641761
30641761
30642561
30642761
30642761
30642761
30642761
30714261
30714661
30714661
30716261
30716261
30716261
30741521
30741521
30741521
30742521
30742521
30746121
30746121
30746121
30751641
30751641
30751641
30752611
30752611
30752611
30752611
30752611
30752611
31420611
31420611
31425611
31425611
31470251
31470251
31470651
31470651
31475026
31475026
31475026
31475226
31475226
31475226
31475226
31620746
31620746
31620746
31625704
31625704
31625740
31625740
31625740
31625740
31625740
31640752
31640752
31640752
31640752
31642052
31642052
31642752
31642752
31642752
31642752
31642752
31720642
31720642
31720642
31726642
31726642
31740642
31742052
31742052
31742052
31746025
31746025
31746055
31746055
31746055
31746055
31750246
31750246
31750246
31750646
31750646
31750646
31752046
31752646
31752646
31752646
31752646
31752646
35024616
35024616
35024716
35024716
35024716
35026716
35026716
35041726
35041726
35041726
35041726
35046726
35046726
35046726
35241726
35241726
35246026
35246026
35246026
35246026
35714026
35714226
35714626
35714626
35716024
35716024
35716024
35716224
35716224
35716224
35720614
35720641
35720641
35720641
35720641
35724611
35724611
35724611
35726611
35726611
35740611
35741611
35746021
35746021
35746021
35746021
35746021
35746021
36024171
36024171
36024771
36024771
36025171
36025771
36025771
36025771
36051471
36051471
36051471
36051471
36071421
36071421
36071421
36074152
36074152
36074152
36074152
36075152
36075152
36075152
36075152
36251402
36251472
36251472
36251472
36251472
36271405
36271405
36271405
36271405
36275005
36275105
36275105
36275105
36275105
36415027
36415027
36415027
36415027
36415027
36420571
36420571
36420571
36420571
36425571
36425571
36470571
36471571
36475021
36475021
36475021
36475021
36475021
36475021
37025164
37025164
37025164
37025164
37026164
37026164
37026164
37041564
37041564
37046152
37046152
37046152
37046152
37046152
37046152
37241152
37246052
37246052
37246152
37246152
37246152
37246152
37246152
37415062
37415062
37415262
37415262
37415262
37415262
37420512
37420512
37420615
37420615
37420615
37420615
37425615
37425615
37425615
37425615
37425615
40352615
40357162
40357162
40357162
40357262
40357262
40357262
40357262
40362512
40362512
40362712
40362712
40362712
40362712
40362712
40531622
40531622
40531722
40531722
40531722
40536722
40536722
40536722
40731625
40731625
40731625
40731625
40736225
40736225
40736225
40751625
40751625
40752613
40752613
40752613
40752613
40752613
40752613
40752613
41302753
41302753
41302753
41306753
41307753
41307753
41352753
41357206
41357206
41357206
41357206
41357206
41362750
41362750
41362750
41362750
41362750
41362750
41502650
41502750
41502750
41506372
41506372
41506372
41506372
41506372
41526302
41526372
41526372
41526372
41526372
41526372
41702672
41702672
41703625
41703625
41703625
41703625
41706355
41706355
41706355
41706355
41726305
41726305
41726305
41726305
41752005
41752605
41752605
41753005
41753605
41753605
41753605
41753605
41753605
41753605
42031755
42031755
42031755
42036755
42037755
42037755
42051755
42053165
42053165
42053165
42057136
42057136
42057166
42057166
42057166
42057166
42061566
42061753
42061753
42061753
42061753
42063153
42063553
42063753
42063753
42063753
42063753
42531753
42531753
42536053
42536053
42536053
42536053
42731053
42736051
42736051
42736051
42736051
42736051
42751051
42753061
42753061
42753161
42753161
42753161
42753161
42753161
42753161
46025161
46025761
46025761
46027131
46027131
46027531
46027531
46027531
46027531
46027531
46031721
46031752
46031752
46031752
46031752
46035722
46035722
46035722
46037722
46037722
46051722
46057132
46057132
46057132
46057132
46057132
46135022
46135022
46135722
46135722
46135722
46137025
46137025
46137025
46137025
46137025
46152037
46152037
46152073
46152073
46152073
46152073
46157033
46157033
46157033
46157033
46157033
46302533
46302751
46302751
46302751
46302751
46307151
46307521
46307521
46307521
46307521
46352521
46357121
46357121
46357121
46357121
46357121
47025161
47025161
47025161
47026131
47026131
47026131
47026131
47031631
47031631
47035231
47035231
47036251
47036251
47036251
47036251
47061551
47061551
47063151
47063551
47063551
47063551
47063551
47135051
47135251
47135251
47136051
47136251
47136251
47136251
47162051
47162551
47162551
47162551
47162551
47302516
47302516
47302516
47302516
47306152
47306152
47306152
47306152
47306152
47362512
47362512
47362512
47362512
47362512
47502612
47502612
47506112
47506112
47506112
47526132
47526132
47526132
47526132
47531632
47531632
47536032
47536032
47536032
47536032
47536032
47536032
50246132
50246132
50246332
50246332
50247132
50247132
50247332
50247332
50247332
50267332
50277332
50277332
50417263
50417263
50417263
50417263
50417263
50467263
50477263
50477263
50617263
50617263
50617263
50637243
50637243
50637243
50637243
50642733
50642733
50642733
50647133
50647133
50647133
50647133
50647133
50647133
51403623
51403623
51403623
51407323
51407323
51407323
51460273
51460273
51460373
51460373
51460373
51463373
51463373
51470273
51470373
51470633
51470633
51470633
51473623
51473623
51473623
51473623
51473623
51602473
51602473
51602473
51602773
51602773
51603742
51603742
51603742
51603742
51607442
51607442
51607442
51640732
51640732
51640732
51642732
51642732
51642732
51647732
51647732
51647732
51647732
52036412
52036412
52036412
52037412
52037412
52037412
52037412
52063112
52063712
52063712
52064112
52064713
52064713
52064713
52064713
52064713
52073164
52073164
52073164
52073164
52074136
52074136
52074136
52074136
52074136
52074136
52413136
52417136
52417136
52460317
52460317
52460317
52460317
52463317
52463317
52470316
52470316
52470366
52470366
52470366
52473366
52473366
52473366
52613704
52613704
52613704
52613704
52617403
52617403
52617403
52617403
52617403
52630413
52630413
52630714
52630714
52630744
52630744
52630744
52637414
52637414
52637414
52637414
52637414
52637414
53047162
53047162
53047162
53047162
53047162
53064172
53064172
53064272
53064272
53064272
53064272
53074172
53074272
53074612
53074612
53074612
53074612
53074612
53142612
53147612
53147612
53162612
53164202
53164272
53164272
53164272
53164272
53172672
53172672
53174202
53174202
53174602
53174602
53174602
53174602
53174602
53174602
53602417
53602417
53602477
53602477
53602477
53607142
53607142
53607142
53607412
53607412
53607412
53607412
53642412
53647112
53647112
53647112
53647112
53647112
57036212
57036412
57036412
57036412
57036412
57046132
57046132
57046132
57046132
57063132
57063132
57063132
57063132
57130242
57130242
57130642
57130642
57130642
57130642
57136242
57136242
57136242
57140242
57142242
57146242
57146242
57160242
57160242
57160242
57162242
57162242
57162242
57203142
57203142
57203642
57203642
57203642
57206142
57206412
57206412
57206412
57206412
57246132
57246132
57246132
57246132
57263142
57263142
57263142
57263142
57263142
57403642
57403642
57403642
57413642
57413642
57413642
57460242
57460242
57463242
57463242
57463242
57463242
57463242
60241342
60241742
60241742
60247342
60247342
60247342
60251342
60257342
60257342
60271342
60271342
60275314
60275314
60275314
60275314
60275314
60275314
60314214
60314714
60314714
60317214
60317524
60317524
60317524
60317524
60357244
60357244
60357244
60357244
60374244
60374244
60374244
60374244
60514734
60514734
60514734
60514734
60571334
60571334
60574334
60574334
60574334
60714234
60714234
60714234
60741334
60741524
60741524
60741524
60741524
60751524
60751524
60751524
60751524
61307425
61307425
61307425
61307425
61307425
61350245
61350245
61350445
61350445
61357245
61357245
61357445
61357445
61357445
61370255
61370255
61370455
61370455
61370455
61370455
61500455
61520374
61520374
61520374
61520734
61520744
61520744
61520744
61520744
61570344
61570444
61570444
61570444
61570444
61703444
61703444
61720344
61720344
61720344
61740354
61740354
61740354
61740354
61750244
61750244
61750244
61753044
61753044
61753044
61753044
61753044
61753044
62051444
62051444
62053444
62057413
62057413
62057413
62057413
62057413
62071413
62071413
62073413
62074413
62074413
62074413
62514033
62514033
62514733
62514733
62514733
62514733
62570333
62570433
62570433
62571333
62571433
62571433
62574033
62574033
62574033
62574033
62574033
62713033
62713533
62713533
62714053
62714053
62714053
62714053
62714053
62750053
62751053
62753043
62753043
62753043
62753043
62753043
62753043
63024043
63025043
63027513
63027513
63027513
63027513
63041523
63041523
63041523
63047523
63047523
63047523
63047523
63071423
63071423
63071423
63074253
63074253
63074253
63075253
63075253
63075253
63075253
63147025
63147025
63147025
63147525
63147525
63147525
63147525
63174025
63174225
63174225
63175024
63175024
63175024
63175224
63175224
63175224
63175224
63504224
63504224
63524224
63524224
63571424
63571424
63571424
63574024
63574024
63574024
63574024
63704024
63704024
63724024
63724024
63741524
63741524
63741524
63741524
63741524
63741524
64053524
64053524
64073524
64075224
64075224
64075224
64075224
64150274
64150274
64150274
64150274
64170274
64170374
64170374
64175274
64175374
64175374
64175374
64175374
64203774
64203774
64205314
64205314
64205713
64205713
64205713
64205713
64205713
64253713
64253713
64273713
64275313
64275313
64275313
64275313
64275313
64703523
64703523
64703523
64703523
64713523
64713523
64713523
64713523
64750223
64750223
64753223
64753223
64753223
64753223
64753223
70251643
70251643
70251643
70251643
70261343
70261343
70261343
70261343
70314343
70316343
70316343
70352343
70352343
70362543
70362543
70364143
70364143
70364143
70364143
70415143
70415143
70461343
70461523
70461523
70461523
70461523
70461523
70615523
70615523
70631523
70635523
70635523
70635523
70635523
71302423
71302423
71306425
71306425
71306425
71306425
71306425
71350425
71350425
71352425
71352425
71352425
71360425
71362425
71362425
71362425
71405325
71405325
71405325
71420325
71420635
71420635
71420635
71420635
71425335
71425335
71425335
71460355
71460355
71460355
71460355
71460355
71602455
71602455
71605455
71605455
71620455
71625455
71625455
71625455
71625455
72031455
72031455
72036455
72036455
72036455
72051463
72051463
72051463
72051463
72051463
72061563
72061563
72064153
72064153
72064153
72064153
72064153
72414153
72460353
72460353
72460553
72460553
72461353
72461353
72461553
72461553
72461553
72461553
72611553
72630453
72630453
72631453
72631453
72631453
72631453
72631453
73024153
73024653
73024653
73025164
73025164
73025164
73025164
73025164
73061524
73061524
73061524
73064154
73064154
73064154
73064154
73064154
73162054
73162554
73162554
73164054
73164054
73164054
73164054
73602454
73602554
73602554
73605144
73605144
73605144
73605144
73625144
73625144
73625144
73625144
73625144
73625144
74035144
74036144
74036144
74056144
74056144
74130644
74130644
74135644
74136644
74136644
74150634
74150634
74150634
74152634
74152634
74152634
74152634
74152634
74205134
74205334
74205334
74206154
74206154
74206354
74206354
74206354
74206354
74256354
74256354
74602554
74602554
74605154
74605154
74605154
74615154
74615154
74630154
74635154
74635154
74635154
74635154
75024634
75024634
75024634
75026634
75026634
75061634
75064634
75064634
75064634
75160334
75160334
75164034
75164034
75164034
75164034
75206334
75206434
75206434
75206434
75261334
75261334
75261334
75261334
75304334
75306424
75306424
75306424
75306424
75314424
75316424
75316424
75316424
75316424
75360424
75364424
75364424
75364424
75364424
75364424
75364424
92